[debug] coreOG function called with coretype=[0, 1, 2, 3, 4]
[debug] Core type 0 is selected, which is Tn-antigen core
[debug] armadditionOG function called with arm3=(False, False), arm6=(True, False)
If 6-arm has None value or Hexose attached at the end?
[DEBUG] Number of arms: 2
  Arm 0 has 1 items
  Arm 1 has 1 items
[debug] Core type 1 is selected, which is T-antigen core
[debug] armadditionOG function called with arm3=(True, True, 'H'), arm6=(True, False, None)
If 6-arm has None value or Hexose attached at the end?
[debug] terminal logic 20250604
[debug]Total combinations: 11 and results are [(0, 0, 0, 0, 0, 0), (0, 1, 0, 0, 0, 0), (0, 1, 0, 0, 0, 1), (0, 1, 1, 0, 0, 0), (1, 0, 0, 0, 0, 0), (1, 0, 0, 0, 0, 1), (1, 0, 1, 0, 0, 0), (1, 1, 0, 0, 0, 0), (1, 1, 0, 0, 0, 1), (1, 1, 1, 0, 0, 0), (1, 1, 1, 0, 0, 1)]
building
[debug]internal combinations: 2 and results are [(1, 1, 0, 0, 0, 0), (1, 1, 0, 0, 0, 1)]
[DEBUG] Number of arms: 2
  Arm 0 has 40 items
  Arm 1 has 1 items
[debug] Core type 3 is selected
[debug] armadditionOG function called with arm3=(True, True, 'N'), arm6=(True, False, None)
If 6-arm has None value or Hexose attached at the end?
[debug] 3 arm with HexNAc at the end for further extension
[debug: all arm3 composition:] [(0, 0, 1, 0, 0, 0), (0, 0, 0, 0, 0, 1), (0, 0, 0, 0, 0, 1), (1, 0, 0, 0, 0, 1), (1, 0, 0, 0, 0, 2)]
[debug] terminal logic 20250604
[debug]Total combinations: 11 and results are [(0, 0, 0, 0, 0, 0), (0, 1, 0, 0, 0, 0), (0, 1, 0, 0, 0, 1), (0, 1, 1, 0, 0, 0), (1, 0, 0, 0, 0, 0), (1, 0, 0, 0, 0, 1), (1, 0, 1, 0, 0, 0), (1, 1, 0, 0, 0, 0), (1, 1, 0, 0, 0, 1), (1, 1, 1, 0, 0, 0), (1, 1, 1, 0, 0, 1)]
building
[debug]internal combinations: 2 and results are [(1, 1, 0, 0, 0, 0), (1, 1, 0, 0, 0, 1)]
[DEBUG] Number of arms: 2
  Arm 0 has 73 items
  Arm 1 has 1 items
[debug] Core type 2 is selected
[debug] armadditionOG function called with arm3=(True, True, 'H'), arm6=(True, True, 'N')
[debug] 6 arm with HexNAc at the end for further extension
[debug] terminal logic 20250604
[debug]Total combinations: 11 and results are [(0, 0, 0, 0, 0, 0), (0, 1, 0, 0, 0, 0), (0, 1, 0, 0, 0, 1), (0, 1, 1, 0, 0, 0), (1, 0, 0, 0, 0, 0), (1, 0, 0, 0, 0, 1), (1, 0, 1, 0, 0, 0), (1, 1, 0, 0, 0, 0), (1, 1, 0, 0, 0, 1), (1, 1, 1, 0, 0, 0), (1, 1, 1, 0, 0, 1)]
building
[debug]internal combinations: 2 and results are [(1, 1, 0, 0, 0, 0), (1, 1, 0, 0, 0, 1)]
[debug] terminal logic 20250604
[debug]Total combinations: 11 and results are [(0, 0, 0, 0, 0, 0), (0, 1, 0, 0, 0, 0), (0, 1, 0, 0, 0, 1), (0, 1, 1, 0, 0, 0), (1, 0, 0, 0, 0, 0), (1, 0, 0, 0, 0, 1), (1, 0, 1, 0, 0, 0), (1, 1, 0, 0, 0, 0), (1, 1, 0, 0, 0, 1), (1, 1, 1, 0, 0, 0), (1, 1, 1, 0, 0, 1)]
building
[debug]internal combinations: 2 and results are [(1, 1, 0, 0, 0, 0), (1, 1, 0, 0, 0, 1)]
[DEBUG] Number of arms: 2
  Arm 0 has 40 items
  Arm 1 has 71 items
[debug] Core type 4 is selected
[debug] armadditionOG function called with arm3=(True, True, 'N'), arm6=(True, True, 'N')
[debug] 6 arm with HexNAc at the end for further extension
[debug] terminal logic 20250604
[debug]Total combinations: 11 and results are [(0, 0, 0, 0, 0, 0), (0, 1, 0, 0, 0, 0), (0, 1, 0, 0, 0, 1), (0, 1, 1, 0, 0, 0), (1, 0, 0, 0, 0, 0), (1, 0, 0, 0, 0, 1), (1, 0, 1, 0, 0, 0), (1, 1, 0, 0, 0, 0), (1, 1, 0, 0, 0, 1), (1, 1, 1, 0, 0, 0), (1, 1, 1, 0, 0, 1)]
building
[debug]internal combinations: 2 and results are [(1, 1, 0, 0, 0, 0), (1, 1, 0, 0, 0, 1)]
[debug] 3 arm with HexNAc at the end for further extension
[debug: all arm3 composition:] [(0, 0, 1, 0, 0, 0), (0, 0, 0, 0, 0, 1), (0, 0, 0, 0, 0, 1), (1, 0, 0, 0, 0, 1), (1, 0, 0, 0, 0, 2)]
[debug] terminal logic 20250604
[debug]Total combinations: 11 and results are [(0, 0, 0, 0, 0, 0), (0, 1, 0, 0, 0, 0), (0, 1, 0, 0, 0, 1), (0, 1, 1, 0, 0, 0), (1, 0, 0, 0, 0, 0), (1, 0, 0, 0, 0, 1), (1, 0, 1, 0, 0, 0), (1, 1, 0, 0, 0, 0), (1, 1, 0, 0, 0, 1), (1, 1, 1, 0, 0, 0), (1, 1, 1, 0, 0, 1)]
building
[debug]internal combinations: 2 and results are [(1, 1, 0, 0, 0, 0), (1, 1, 0, 0, 0, 1)]
[DEBUG] Number of arms: 2
  Arm 0 has 73 items
  Arm 1 has 71 items
[debug] OG comps now is <class 'list'>
[DEBUG 2] the OG comps are : [{(0, 1, 1, 0, 0, 0)}, (0, 1, 0, 0, 0, 0), {(1, 1, 1, 0, 0, 0), (3, 3, 2, 0, 0, 2), (2, 2, 2, 0, 0, 1), (2, 3, 2, 0, 0, 0), (2, 1, 1, 0, 0, 0), (1, 1, 2, 0, 0, 0), (3, 2, 2, 0, 0, 1), (2, 3, 1, 0, 0, 0), (3, 2, 1, 0, 0, 0), (3, 3, 1, 0, 0, 0), (1, 2, 1, 0, 0, 1), (2, 2, 2, 0, 0, 0), (3, 3, 2, 0, 0, 1), (3, 2, 2, 0, 0, 0), (2, 3, 1, 0, 0, 2), (3, 2, 1, 0, 0, 2), (2, 2, 1, 0, 0, 1), (3, 3, 1, 0, 0, 2), (1, 1, 1, 0, 0, 1), (3, 3, 2, 0, 0, 0), (1, 2, 1, 0, 0, 0), (2, 3, 2, 0, 0, 1), (2, 1, 1, 0, 0, 1), (2, 1, 2, 0, 0, 0), (1, 2, 2, 0, 0, 0), (2, 3, 1, 0, 0, 1), (3, 
2, 1, 0, 0, 1), (2, 2, 1, 0, 0, 0), (3, 3, 1, 0, 0, 1)}, (1, 1, 0, 0, 0, 0), {(2, 4, 1, 0, 0, 2), (3, 3, 2, 0, 0, 2), (3, 4, 2, 0, 0, 1), (1, 2, 1, 0, 0, 2), (2, 2, 2, 0, 0, 1), (2, 3, 2, 0, 0, 0), (2, 4, 2, 0, 0, 1), (1, 3, 2, 0, 0, 0), (3, 4, 1, 0, 0, 1), (2, 3, 1, 0, 0, 0), (1, 3, 1, 0, 0, 0), (2, 2, 1, 0, 0, 2), (3, 3, 1, 0, 0, 0), (3, 3, 1, 0, 0, 3), (3, 4, 2, 0, 0, 0), (1, 2, 1, 0, 0, 1), 
(2, 4, 1, 0, 0, 1), (2, 2, 2, 0, 0, 0), (3, 4, 2, 0, 0, 3), (3, 3, 2, 0, 0, 1), (2, 3, 2, 0, 0, 2), (2, 4, 2, 0, 0, 0), (3, 4, 1, 0, 0, 0), (3, 4, 1, 0, 0, 3), (0, 2, 1, 0, 0, 1), (2, 3, 1, 0, 0, 2), (1, 3, 1, 0, 0, 2), (2, 2, 1, 0, 0, 1), (3, 3, 1, 0, 0, 2), (2, 4, 1, 0, 0, 0), (3, 3, 2, 0, 0, 0), (2, 4, 1, 0, 0, 3), (1, 2, 1, 0, 0, 0), (3, 4, 2, 0, 0, 2), (2, 3, 2, 0, 0, 1), (2, 4, 2, 0, 0, 2), (0, 2, 2, 0, 0, 0), (1, 3, 2, 0, 0, 1), (3, 4, 1, 0, 0, 2), (2, 3, 1, 0, 0, 1), (1, 3, 1, 0, 0, 1), (2, 2, 1, 0, 0, 0), (3, 3, 1, 0, 0, 1)}, (0, 2, 0, 0, 0, 0), {(6, 5, 0, 0, 0, 0), (5, 3, 0, 0, 0, 0), (6, 6, 2, 0, 0, 5), (3, 3, 2, 0, 0, 2), (2, 4, 2, 0, 0, 1), (1, 3, 2, 0, 0, 0), (6, 5, 1, 0, 0, 4), (1, 2, 0, 0, 0, 1), (5, 5, 1, 0, 0, 1), (5, 6, 2, 0, 0, 0), (6, 6, 0, 0, 0, 0), (3, 2, 2, 0, 0, 1), (4, 3, 0, 0, 0, 1), (5, 4, 1, 0, 0, 3), (2, 2, 1, 0, 0, 2), (6, 6, 1, 0, 0, 2), (6, 5, 2, 0, 0, 3), (4, 5, 0, 0, 0, 4), (6, 4, 0, 0, 0, 0), (5, 5, 2, 0, 0, 0), (6, 5, 0, 0, 0, 2), (5, 3, 0, 0, 
0, 2), (1, 2, 1, 0, 0, 1), (4, 4, 2, 0, 0, 0), (4, 5, 2, 0, 0, 3), (3, 4, 1, 0, 0, 0), (5, 5, 1, 0, 0, 3), (1, 3, 0, 0, 0, 1), (5, 6, 2, 0, 0, 2), (4, 6, 0, 0, 0, 1), (4, 2, 2, 0, 0, 1), (5, 3, 1, 0, 0, 1), (4, 4, 1, 0, 0, 2), (2, 2, 0, 0, 0, 1), (6, 6, 0, 0, 0, 2), (4, 3, 0, 0, 0, 3), (5, 5, 0, 0, 0, 5), (5, 4, 2, 0, 0, 1), (6, 6, 1, 0, 0, 4), (2, 3, 0, 0, 0, 1), (6, 4, 0, 0, 0, 2), (3, 5, 0, 0, 0, 0), (5, 5, 2, 0, 0, 2), (6, 6, 2, 0, 0, 0), (6, 5, 0, 0, 0, 4), (5, 3, 0, 0, 0, 4), (6, 4, 1, 0, 0, 0), (4, 3, 2, 0, 0, 0), (5, 6, 0, 0, 0, 2), (4, 6, 1, 0, 0, 0), (3, 4, 2, 0, 0, 2), (3, 2, 0, 
0, 0, 1), (4, 4, 2, 0, 0, 2), (6, 4, 2, 0, 0, 0), (4, 6, 2, 0, 0, 2), (5, 6, 2, 0, 0, 4), (4, 6, 0, 0, 0, 3), (6, 6, 0, 0, 0, 4), (5, 3, 1, 0, 0, 3), (4, 4, 1, 0, 0, 4), (2, 3, 0, 0, 0, 3), (6, 4, 0, 0, 0, 4), (3, 5, 0, 0, 0, 2), (6, 6, 2, 0, 0, 2), (6, 4, 1, 0, 0, 2), (4, 3, 2, 0, 0, 2), (4, 6, 1, 0, 0, 2), (5, 6, 0, 0, 0, 4), (3, 2, 0, 0, 0, 3), (3, 3, 0, 0, 0, 1), (6, 5, 1, 0, 0, 1), (6, 4, 2, 0, 0, 2), (4, 6, 0, 0, 0, 5), (4, 5, 1, 0, 0, 1), (3, 5, 1, 0, 0, 1), (5, 4, 1, 0, 0, 0), (5, 5, 0, 0, 0, 0), (1, 3, 1, 0, 0, 0), (3, 2, 1, 0, 0, 0), (3, 5, 0, 0, 0, 4), (2, 4, 1, 0, 0, 1), (6, 4, 
1, 0, 0, 4), (4, 6, 1, 0, 0, 4), (4, 5, 2, 0, 0, 0), (4, 2, 0, 0, 0, 1), (5, 5, 1, 0, 0, 0), (3, 2, 2, 0, 0, 0), (5, 4, 0, 0, 0, 1), (4, 5, 1, 0, 0, 3), (3, 5, 1, 0, 0, 3), (4, 3, 0, 0, 0, 0), (5, 4, 1, 0, 0, 2), (5, 5, 0, 0, 0, 2), (6, 6, 1, 0, 0, 1), (4, 2, 1, 0, 0, 0), (3, 4, 0, 0, 0, 1), (3, 2, 1, 0, 0, 2), (6, 5, 0, 0, 0, 1), (5, 3, 0, 0, 0, 1), (2, 4, 0, 0, 0, 1), (4, 5, 2, 0, 0, 2), (4, 2, 0, 0, 0, 3), (2, 3, 2, 0, 0, 1), (5, 6, 1, 0, 0, 1), (3, 5, 2, 0, 0, 0), (1, 2, 0, 0, 0, 2), (4, 6, 0, 0, 0, 0), (4, 2, 2, 0, 0, 0), (5, 4, 0, 0, 0, 3), (4, 4, 1, 0, 0, 1), (5, 3, 1, 0, 0, 0), (3, 
4, 1, 0, 0, 2), (5, 4, 1, 0, 0, 4), (1, 2, 2, 0, 0, 0), (5, 5, 0, 0, 0, 4), (2, 3, 1, 0, 0, 1), (4, 2, 1, 0, 0, 2), (3, 4, 0, 0, 0, 3), (2, 2, 0, 0, 0, 3), (2, 3, 0, 0, 0, 0), (6, 4, 0, 0, 0, 1), (6, 6, 1, 0, 0, 3), (3, 3, 1, 0, 0, 1), (5, 3, 0, 0, 0, 3), (4, 4, 0, 0, 0, 1), (5, 4, 2, 0, 0, 3), (5, 6, 0, 0, 0, 1), (2, 4, 0, 0, 0, 3), (3, 4, 2, 0, 0, 1), (5, 5, 2, 0, 0, 4), (5, 6, 1, 0, 0, 3), (3, 5, 2, 0, 0, 2), (4, 6, 2, 0, 0, 1), (1, 3, 0, 0, 0, 2), (4, 3, 1, 0, 0, 1), (4, 6, 0, 0, 0, 2), (4, 4, 1, 0, 0, 3), (2, 3, 0, 0, 0, 2), (6, 4, 0, 0, 0, 3), (3, 5, 0, 0, 0, 1), (5, 3, 2, 0, 0, 1), (6, 5, 2, 0, 0, 0), (3, 3, 1, 0, 0, 3), (4, 5, 0, 0, 0, 1), (4, 4, 0, 0, 0, 3), (6, 4, 1, 0, 0, 1), (5, 6, 0, 0, 0, 3), (4, 6, 1, 0, 0, 1), (6, 6, 2, 0, 0, 4), (3, 3, 2, 0, 0, 1), (5, 6, 1, 0, 0, 5), 
(2, 4, 2, 0, 0, 0), (4, 6, 2, 0, 0, 3), (6, 5, 1, 0, 0, 3), (4, 3, 1, 0, 0, 3), (3, 3, 0, 0, 0, 3), (4, 6, 0, 0, 0, 4), (4, 5, 1, 0, 0, 0), (2, 2, 1, 0, 0, 1), (6, 5, 2, 0, 0, 2), (4, 5, 0, 0, 0, 3), (2, 4, 1, 0, 0, 0), (6, 4, 1, 0, 0, 3), (5, 6, 0, 0, 0, 5), (4, 6, 1, 0, 0, 3), (4, 2, 0, 0, 0, 0), (1, 2, 1, 0, 0, 0), (5, 4, 0, 0, 0, 0), (6, 5, 1, 0, 0, 5), (4, 5, 1, 0, 0, 2), (5, 5, 1, 0, 0, 2), (5, 6, 2, 0, 0, 1), (5, 5, 0, 0, 0, 1), (6, 6, 0, 0, 0, 1), (3, 4, 0, 0, 0, 0), (2, 2, 0, 0, 0, 0), (3, 2, 1, 0, 0, 1), (4, 3, 0, 0, 0, 2), (5, 4, 2, 0, 0, 0), (6, 5, 2, 0, 0, 4), (2, 4, 0, 0, 0, 0), (2, 4, 1, 0, 0, 2), (5, 5, 2, 0, 0, 1), (6, 5, 0, 0, 0, 3), (4, 5, 2, 0, 0, 1), (4, 2, 0, 0, 0, 2), (2, 3, 2, 0, 0, 0), (5, 6, 1, 0, 0, 0), (3, 2, 0, 0, 0, 0), (4, 4, 2, 0, 0, 1), (5, 4, 0, 0, 0, 
2), (4, 4, 1, 0, 0, 0), (3, 4, 1, 0, 0, 1), (5, 5, 1, 0, 0, 4), (4, 5, 1, 0, 0, 4), (5, 6, 2, 0, 0, 3), (5, 5, 0, 0, 0, 3), (2, 3, 1, 0, 0, 0), (4, 2, 1, 0, 0, 1), (3, 4, 0, 0, 0, 2), (2, 2, 0, 0, 0, 2), (5, 3, 1, 0, 0, 2), (6, 6, 0, 0, 0, 3), (4, 3, 0, 0, 0, 4), (3, 3, 1, 0, 0, 0), (5, 4, 2, 0, 0, 2), (4, 4, 0, 0, 0, 0), (6, 6, 1, 0, 0, 5), (2, 4, 0, 0, 0, 2), (5, 6, 0, 0, 0, 0), (6, 6, 2, 0, 0, 1), (3, 4, 2, 0, 0, 0), (5, 5, 2, 0, 0, 3), (2, 2, 2, 0, 0, 0), (6, 5, 0, 0, 0, 5), (5, 6, 1, 0, 0, 2), (4, 3, 2, 0, 0, 1), (3, 5, 2, 0, 0, 1), (4, 6, 2, 0, 0, 0), (3, 2, 0, 0, 0, 2), (4, 3, 1, 0, 
0, 0), (4, 4, 2, 0, 0, 3), (3, 3, 0, 0, 0, 0), (6, 5, 1, 0, 0, 0), (5, 4, 0, 0, 0, 4), (6, 4, 2, 0, 0, 1), (3, 4, 1, 0, 0, 3), (2, 3, 1, 0, 0, 2), (3, 5, 1, 0, 0, 0), (3, 4, 0, 0, 0, 4), (6, 6, 0, 0, 0, 5), (5, 3, 2, 0, 0, 0), (3, 3, 1, 0, 0, 2), (4, 5, 0, 0, 0, 0), (4, 4, 0, 0, 0, 2), (6, 4, 0, 0, 0, 5), (6, 6, 2, 0, 0, 3), (3, 5, 0, 0, 0, 3), (3, 3, 2, 0, 0, 0), (5, 6, 1, 0, 0, 4), (6, 5, 1, 0, 0, 2), (4, 3, 1, 0, 0, 2), (3, 3, 0, 0, 0, 2), (6, 4, 2, 0, 0, 3), (3, 5, 1, 0, 0, 2), (5, 4, 1, 0, 0, 1), (1, 3, 1, 0, 0, 1), (2, 2, 1, 0, 0, 0), (5, 3, 2, 0, 0, 2), (6, 6, 1, 0, 0, 0), (6, 5, 2, 
0, 0, 1), (4, 5, 0, 0, 0, 2), (4, 4, 0, 0, 0, 4)}, (1, 2, 0, 0, 0, 0), {(6, 6, 2, 0, 0, 5), (3, 3, 2, 0, 0, 2), (6, 4, 1, 0, 0, 5), (4, 3, 1, 0, 0, 4), (7, 6, 2, 0, 0, 0), (4, 3, 0, 0, 0, 1), (7, 5, 
1, 0, 0, 2), (4, 5, 0, 0, 0, 4), (6, 4, 0, 0, 0, 0), (5, 5, 2, 0, 0, 0), (5, 2, 1, 0, 0, 0), (5, 3, 1, 0, 0, 1), (4, 4, 1, 0, 0, 2), (6, 6, 1, 0, 0, 4), (4, 2, 1, 0, 0, 3), (6, 6, 2, 0, 0, 0), (7, 5, 2, 0, 0, 5), (6, 4, 1, 0, 0, 0), (4, 3, 2, 0, 0, 0), (6, 3, 2, 0, 0, 0), (3, 2, 0, 0, 0, 1), (7, 4, 0, 0, 0, 2), (7, 6, 2, 0, 0, 4), (7, 5, 1, 0, 0, 6), (6, 4, 0, 0, 0, 4), (6, 5, 1, 0, 0, 1), (7, 5, 2, 0, 0, 0), (6, 4, 1, 0, 0, 4), (4, 5, 2, 0, 0, 0), (7, 4, 0, 0, 0, 6), (5, 4, 0, 0, 0, 1), (4, 5, 1, 0, 0, 3), (7, 5, 1, 0, 0, 1), (4, 3, 0, 0, 0, 0), (5, 5, 0, 0, 0, 2), (3, 4, 0, 0, 0, 1), (6, 
5, 2, 0, 0, 5), (5, 3, 1, 0, 0, 0), (4, 4, 1, 0, 0, 1), (3, 4, 1, 0, 0, 2), (6, 6, 1, 0, 0, 3), (4, 2, 1, 0, 0, 2), (2, 2, 0, 0, 0, 3), (7, 5, 2, 0, 0, 4), (5, 6, 1, 0, 0, 3), (7, 4, 0, 0, 0, 1), (5, 4, 0, 0, 0, 5), (6, 6, 0, 0, 0, 6), (6, 4, 0, 0, 0, 3), (6, 5, 2, 0, 0, 0), (2, 2, 1, 0, 0, 1), (6, 4, 1, 0, 0, 3), (5, 4, 0, 0, 0, 0), (5, 5, 1, 0, 0, 2), (4, 5, 1, 0, 0, 2), (5, 6, 2, 0, 0, 1), (5, 5, 0, 0, 0, 1), (6, 6, 0, 0, 0, 1), (3, 4, 0, 0, 0, 0), (6, 3, 0, 0, 0, 1), (6, 5, 2, 0, 0, 4), (4, 4, 2, 0, 0, 1), (4, 4, 1, 0, 0, 0), (3, 4, 1, 0, 0, 1), (7, 5, 0, 0, 0, 3), (4, 2, 1, 0, 0, 1), (2, 2, 0, 0, 0, 2), (7, 6, 0, 0, 0, 4), (6, 5, 0, 0, 0, 5), (5, 6, 1, 0, 0, 2), (3, 3, 0, 0, 0, 0), (5, 4, 0, 0, 0, 4), (6, 6, 0, 0, 0, 5), (3, 4, 0, 0, 0, 4), (6, 3, 0, 0, 0, 5), (6, 4, 2, 0, 0, 3), 
(5, 4, 1, 0, 0, 1), (2, 2, 1, 0, 0, 0), (6, 5, 0, 0, 0, 0), (3, 3, 0, 0, 0, 4), (5, 5, 1, 0, 0, 1), (5, 6, 2, 0, 0, 0), (6, 6, 0, 0, 0, 0), (6, 3, 0, 0, 0, 0), (6, 5, 2, 0, 0, 3), (5, 2, 0, 0, 0, 1), (5, 3, 0, 0, 0, 2), (4, 4, 2, 0, 0, 0), (3, 4, 1, 0, 0, 0), (7, 5, 0, 0, 0, 2), (2, 2, 0, 0, 0, 1), (7, 6, 0, 0, 0, 3), (5, 4, 1, 0, 0, 5), (7, 4, 2, 0, 0, 3), (2, 3, 0, 0, 0, 1), (6, 5, 0, 0, 0, 4), (5, 2, 2, 0, 0, 0), (5, 5, 1, 0, 0, 5), (5, 6, 2, 0, 0, 4), (6, 6, 0, 0, 0, 4), (6, 3, 0, 0, 0, 4), (5, 6, 0, 0, 0, 4), (6, 4, 2, 0, 0, 2), (7, 5, 0, 0, 0, 6), (5, 4, 1, 0, 0, 0), (7, 4, 1, 0, 0, 1), (5, 5, 1, 0, 0, 0), (6, 3, 1, 0, 0, 0), (5, 2, 0, 0, 0, 0), (3, 2, 1, 0, 0, 2), (5, 3, 0, 0, 0, 1), (4, 2, 0, 0, 0, 3), (7, 6, 1, 0, 0, 2), (5, 4, 1, 0, 0, 4), (2, 3, 1, 0, 0, 1), (7, 4, 2, 0, 0, 
2), (3, 3, 1, 0, 0, 1), (5, 4, 2, 0, 0, 3), (7, 4, 1, 0, 0, 5), (5, 5, 2, 0, 0, 4), (6, 3, 1, 0, 0, 4), (5, 2, 0, 0, 0, 4), (5, 3, 2, 0, 0, 1), (5, 3, 0, 0, 0, 5), (4, 4, 0, 0, 0, 3), (5, 6, 0, 0, 0, 3), (6, 6, 2, 0, 0, 4), (3, 3, 2, 0, 0, 1), (7, 6, 1, 0, 0, 6), (4, 3, 1, 0, 0, 3), (4, 5, 0, 0, 0, 3), (7, 4, 1, 0, 0, 0), (6, 5, 1, 0, 0, 5), (3, 2, 1, 0, 0, 1), (4, 2, 0, 0, 0, 2), (7, 6, 1, 0, 0, 1), (3, 2, 0, 0, 0, 0), (7, 6, 2, 0, 0, 3), (7, 4, 2, 0, 0, 1), (2, 3, 1, 0, 0, 0), (4, 3, 0, 0, 0, 4), (7, 5, 1, 0, 0, 5), (3, 3, 1, 0, 0, 0), (5, 4, 2, 0, 0, 2), (7, 4, 1, 0, 0, 4), (5, 5, 2, 0, 
0, 3), (6, 5, 1, 0, 0, 0), (5, 2, 1, 0, 0, 3), (5, 3, 1, 0, 0, 4), (5, 3, 2, 0, 0, 0), (4, 4, 0, 0, 0, 2), (6, 6, 2, 0, 0, 3), (3, 3, 2, 0, 0, 0), (6, 3, 2, 0, 0, 3), (3, 2, 0, 0, 0, 4), (4, 3, 1, 0, 0, 2), (7, 6, 1, 0, 0, 5), (7, 4, 0, 0, 0, 5), (7, 5, 1, 0, 0, 0), (4, 5, 0, 0, 0, 2), (6, 5, 1, 0, 0, 4), (3, 2, 2, 0, 0, 1), (6, 6, 1, 0, 0, 2), (7, 5, 2, 0, 0, 3), (7, 6, 1, 0, 0, 0), (4, 5, 2, 0, 0, 3), (7, 4, 0, 0, 0, 0), (7, 6, 2, 0, 0, 2), (4, 3, 0, 0, 0, 3), (7, 5, 1, 0, 0, 4), (5, 5, 0, 0, 0, 5), (5, 4, 2, 0, 0, 1), (6, 4, 0, 0, 0, 2), (5, 5, 2, 0, 0, 2), (5, 2, 1, 0, 0, 2), (5, 3, 1, 
0, 0, 3), (4, 4, 1, 0, 0, 4), (6, 6, 1, 0, 0, 6), (6, 6, 2, 0, 0, 2), (6, 4, 1, 0, 0, 2), (4, 3, 2, 0, 0, 2), (6, 3, 2, 0, 0, 2), (3, 2, 0, 0, 0, 3), (7, 4, 0, 0, 0, 4), (7, 6, 2, 0, 0, 6), (4, 5, 1, 0, 0, 1), (5, 5, 0, 0, 0, 0), (3, 2, 2, 0, 0, 0), (6, 6, 1, 0, 0, 1), (4, 2, 1, 0, 0, 0), (7, 5, 2, 0, 0, 2), (4, 5, 2, 0, 0, 2), (2, 3, 2, 0, 0, 1), (5, 6, 1, 0, 0, 1), (1, 2, 0, 0, 0, 2), (5, 4, 0, 0, 0, 3), (7, 5, 1, 0, 0, 3), (5, 5, 0, 0, 0, 4), (3, 4, 0, 0, 0, 3), (6, 4, 0, 0, 0, 1), (4, 4, 1, 0, 0, 3), (6, 4, 1, 0, 0, 1), (5, 6, 1, 0, 0, 5), (3, 3, 0, 0, 0, 3), (4, 5, 1, 0, 0, 0), (6, 5, 
2, 0, 0, 2), (7, 5, 0, 0, 0, 1), (7, 6, 0, 0, 0, 2), (6, 5, 0, 0, 0, 3), (4, 5, 2, 0, 0, 1), (2, 3, 2, 0, 0, 0), (5, 6, 1, 0, 0, 0), (5, 4, 0, 0, 0, 2), (5, 5, 1, 0, 0, 4), (4, 5, 1, 0, 0, 4), (5, 6, 2, 0, 0, 3), (5, 5, 0, 0, 0, 3), (6, 6, 0, 0, 0, 3), (3, 4, 0, 0, 0, 2), (6, 3, 0, 0, 0, 3), (4, 4, 2, 0, 0, 3), (6, 4, 2, 0, 0, 1), (3, 4, 1, 0, 0, 3), (7, 5, 0, 0, 0, 5), (7, 6, 0, 0, 0, 6), (5, 6, 1, 0, 0, 4), (3, 3, 0, 0, 0, 2), (4, 4, 0, 0, 0, 4), (6, 5, 2, 0, 0, 1), (5, 3, 0, 0, 0, 0), (7, 5, 0, 0, 0, 0), (7, 6, 0, 0, 0, 1), (5, 4, 1, 0, 0, 3), (2, 2, 1, 0, 0, 2), (6, 5, 0, 0, 0, 2), (1, 
2, 1, 0, 0, 1), (5, 5, 1, 0, 0, 3), (5, 6, 2, 0, 0, 2), (6, 6, 0, 0, 0, 2), (6, 3, 1, 0, 0, 3), (6, 3, 0, 0, 0, 2), (5, 2, 0, 0, 0, 3), (5, 3, 0, 0, 0, 4), (5, 6, 0, 0, 0, 2), (3, 4, 2, 0, 0, 2), (4, 4, 2, 0, 0, 2), (6, 4, 2, 0, 0, 0), (7, 5, 0, 0, 0, 4), (7, 6, 0, 0, 0, 5), (2, 3, 0, 0, 0, 3), (6, 5, 0, 0, 0, 6), (3, 3, 0, 0, 0, 1), (5, 2, 2, 0, 0, 2), (3, 2, 1, 0, 0, 0), (5, 6, 0, 0, 0, 6), (4, 2, 0, 0, 0, 1), (6, 4, 2, 0, 0, 4), (7, 6, 0, 0, 0, 0), (5, 4, 1, 0, 0, 2), (7, 4, 2, 0, 0, 0), (6, 5, 0, 0, 0, 1), (7, 4, 1, 0, 0, 3), (6, 3, 1, 0, 0, 2), (1, 2, 2, 0, 0, 0), (5, 2, 0, 0, 0, 2), (5, 3, 0, 0, 0, 3), (4, 4, 0, 0, 0, 1), (5, 6, 0, 0, 0, 1), (3, 4, 2, 0, 0, 1), (7, 6, 1, 0, 0, 4), (4, 3, 1, 0, 0, 1), (7, 4, 2, 0, 0, 4), (2, 3, 0, 0, 0, 2), (3, 3, 1, 0, 0, 3), (4, 5, 0, 0, 0, 1), 
(5, 2, 2, 0, 0, 1), (6, 5, 1, 0, 0, 3), (5, 3, 2, 0, 0, 3), (4, 4, 0, 0, 0, 5), (5, 6, 0, 0, 0, 5), (4, 2, 0, 0, 0, 0), (7, 6, 2, 0, 0, 1), (4, 3, 0, 0, 0, 2), (5, 4, 2, 0, 0, 0), (4, 5, 0, 0, 0, 5), (7, 4, 1, 0, 0, 2), (5, 5, 2, 0, 0, 1), (5, 2, 1, 0, 0, 1), (6, 3, 1, 0, 0, 1), (5, 3, 1, 0, 0, 2), (6, 6, 1, 0, 0, 5), (4, 4, 0, 0, 0, 0), (5, 6, 0, 0, 0, 0), (6, 6, 2, 0, 0, 1), (3, 4, 2, 0, 0, 0), (4, 2, 0, 0, 0, 4), (4, 3, 2, 0, 0, 1), (6, 3, 2, 0, 0, 1), (3, 2, 0, 0, 0, 2), (4, 3, 1, 0, 0, 0), (7, 6, 1, 0, 0, 3), (7, 4, 0, 0, 0, 3), (7, 6, 2, 0, 0, 5), (2, 3, 1, 0, 0, 2), (3, 3, 1, 0, 0, 2), (5, 4, 2, 0, 0, 4), (4, 5, 0, 0, 0, 0), (6, 4, 0, 0, 0, 5), (6, 5, 1, 0, 0, 2), (6, 6, 1, 0, 0, 0), (5, 3, 2, 0, 0, 2), (7, 5, 2, 0, 0, 1)}, (1, 2, 0, 0, 0, 0)] and types are <class 'list'> and inner<class 'list'>
[debug]: the unique composition count is 10

[Final composition] Showing 10 first items (of 10 total):
{(0, 1, 1, 0, 0, 0)}
(0, 1, 0, 0, 0, 0)
{(1, 1, 1, 0, 0, 0), (3, 3, 2, 0, 0, 2), (2, 2, 2, 0, 0, 1), (2, 3, 2, 0, 0, 0), (2, 1, 1, 0, 0, 0), (1, 1, 2, 0, 0, 0), (3, 2, 2, 0, 0, 1), (2, 3, 1, 0, 0, 0), (3, 2, 1, 0, 0, 0), (3, 3, 1, 0, 0, 0), (1, 2, 1, 0, 0, 1), (2, 2, 2, 0, 0, 0), (3, 3, 2, 0, 0, 1), (3, 2, 2, 0, 0, 0), (2, 3, 1, 0, 0, 2), (3, 2, 1, 0, 0, 2), (2, 2, 1, 0, 0, 1), (3, 3, 1, 0, 0, 2), (1, 1, 1, 0, 0, 1), (3, 3, 2, 0, 0, 0), (1, 2, 1, 0, 0, 0), (2, 3, 2, 0, 0, 1), (2, 1, 1, 0, 0, 1), (2, 1, 2, 0, 0, 0), (1, 2, 2, 0, 0, 0), (2, 3, 1, 0, 0, 1), (3, 2, 1, 0, 0, 1), (2, 2, 1, 0, 0, 0), (3, 3, 1, 0, 0, 1)}
(1, 1, 0, 0, 0, 0)
{(2, 4, 1, 0, 0, 2), (3, 3, 2, 0, 0, 2), (3, 4, 2, 0, 0, 1), (1, 2, 1, 0, 0, 2), (2, 2, 2, 0, 0, 1), (2, 3, 2, 0, 0, 0), (2, 4, 2, 0, 0, 1), (1, 3, 2, 0, 0, 0), (3, 4, 1, 0, 0, 1), (2, 3, 1, 0, 0, 0), (1, 3, 1, 0, 0, 0), (2, 2, 1, 0, 0, 2), (3, 3, 1, 0, 0, 0), (3, 3, 1, 0, 0, 3), (3, 4, 2, 0, 0, 0), (1, 2, 1, 0, 0, 1), (2, 4, 1, 0, 0, 1), (2, 2, 2, 0, 0, 0), (3, 4, 2, 0, 0, 3), (3, 3, 2, 0, 0, 1), (2, 3, 2, 0, 0, 2), (2, 4, 2, 0, 0, 0), (3, 4, 1, 0, 0, 0), (3, 4, 1, 0, 0, 3), (0, 2, 1, 0, 0, 1), (2, 3, 1, 0, 0, 2), (1, 3, 1, 0, 0, 2), (2, 2, 1, 0, 0, 1), (3, 3, 1, 0, 0, 2), (2, 4, 1, 0, 0, 
0), (3, 3, 2, 0, 0, 0), (2, 4, 1, 0, 0, 3), (1, 2, 1, 0, 0, 0), (3, 4, 2, 0, 0, 2), (2, 3, 2, 0, 0, 1), (2, 4, 2, 0, 0, 2), (0, 2, 2, 0, 0, 0), (1, 3, 2, 0, 0, 1), (3, 4, 1, 0, 0, 2), (2, 3, 1, 0, 0, 1), (1, 3, 1, 0, 0, 1), (2, 2, 1, 0, 0, 0), (3, 3, 1, 0, 0, 1)}
(0, 2, 0, 0, 0, 0)
{(6, 5, 0, 0, 0, 0), (5, 3, 0, 0, 0, 0), (6, 6, 2, 0, 0, 5), (3, 3, 2, 0, 0, 2), (2, 4, 2, 0, 0, 1), (1, 3, 2, 0, 0, 0), (6, 5, 1, 0, 0, 4), (1, 2, 0, 0, 0, 1), (5, 5, 1, 0, 0, 1), (5, 6, 2, 0, 0, 0), (6, 6, 0, 0, 0, 0), (3, 2, 2, 0, 0, 1), (4, 3, 0, 0, 0, 1), (5, 4, 1, 0, 0, 3), (2, 2, 1, 0, 0, 2), (6, 6, 1, 0, 0, 2), (6, 5, 2, 0, 0, 3), (4, 5, 0, 0, 0, 4), (6, 4, 0, 0, 0, 0), (5, 5, 2, 0, 0, 0), (6, 5, 0, 0, 0, 2), (5, 3, 0, 0, 0, 2), (1, 2, 1, 0, 0, 1), (4, 4, 2, 0, 0, 0), (4, 5, 2, 0, 0, 3), (3, 4, 1, 0, 0, 0), (5, 5, 1, 0, 0, 3), (1, 3, 0, 0, 0, 1), (5, 6, 2, 0, 0, 2), (4, 6, 0, 0, 0, 
1), (4, 2, 2, 0, 0, 1), (5, 3, 1, 0, 0, 1), (4, 4, 1, 0, 0, 2), (2, 2, 0, 0, 0, 1), (6, 6, 0, 0, 0, 2), (4, 3, 0, 0, 0, 3), (5, 5, 0, 0, 0, 5), (5, 4, 2, 0, 0, 1), (6, 6, 1, 0, 0, 4), (2, 3, 0, 0, 0, 1), (6, 4, 0, 0, 0, 2), (3, 5, 0, 0, 0, 0), (5, 5, 2, 0, 0, 2), (6, 6, 2, 0, 0, 0), (6, 5, 0, 0, 0, 4), (5, 3, 0, 0, 0, 4), (6, 4, 1, 0, 0, 0), (4, 3, 2, 0, 0, 0), (5, 6, 0, 0, 0, 2), (4, 6, 1, 0, 0, 0), (3, 4, 2, 0, 0, 2), (3, 2, 0, 0, 0, 1), (4, 4, 2, 0, 0, 2), (6, 4, 2, 0, 0, 0), (4, 6, 2, 0, 0, 2), (5, 6, 2, 0, 0, 4), (4, 6, 0, 0, 0, 3), (6, 6, 0, 0, 0, 4), (5, 3, 1, 0, 0, 3), (4, 4, 1, 0, 
0, 4), (2, 3, 0, 0, 0, 3), (6, 4, 0, 0, 0, 4), (3, 5, 0, 0, 0, 2), (6, 6, 2, 0, 0, 2), (6, 4, 1, 0, 0, 2), (4, 3, 2, 0, 0, 2), (4, 6, 1, 0, 0, 2), (5, 6, 0, 0, 0, 4), (3, 2, 0, 0, 0, 3), (3, 3, 0, 0, 0, 1), (6, 5, 1, 0, 0, 1), (6, 4, 2, 0, 0, 2), (4, 6, 0, 0, 0, 5), (4, 5, 1, 0, 0, 1), (3, 5, 1, 0, 0, 1), (5, 4, 1, 0, 0, 0), (5, 5, 0, 0, 0, 0), (1, 3, 1, 0, 0, 0), (3, 2, 1, 0, 0, 0), (3, 5, 0, 0, 0, 4), (2, 4, 1, 0, 0, 1), (6, 4, 1, 0, 0, 4), (4, 6, 1, 0, 0, 4), (4, 5, 2, 0, 0, 0), (4, 2, 0, 0, 0, 1), (5, 5, 1, 0, 0, 0), (3, 2, 2, 0, 0, 0), (5, 4, 0, 0, 0, 1), (4, 5, 1, 0, 0, 3), (3, 5, 1, 
0, 0, 3), (4, 3, 0, 0, 0, 0), (5, 4, 1, 0, 0, 2), (5, 5, 0, 0, 0, 2), (6, 6, 1, 0, 0, 1), (4, 2, 1, 0, 0, 0), (3, 4, 0, 0, 0, 1), (3, 2, 1, 0, 0, 2), (6, 5, 0, 0, 0, 1), (5, 3, 0, 0, 0, 1), (2, 4, 0, 0, 0, 1), (4, 5, 2, 0, 0, 2), (4, 2, 0, 0, 0, 3), (2, 3, 2, 0, 0, 1), (5, 6, 1, 0, 0, 1), (3, 5, 2, 0, 0, 0), (1, 2, 0, 0, 0, 2), (4, 6, 0, 0, 0, 0), (4, 2, 2, 0, 0, 0), (5, 4, 0, 0, 0, 3), (4, 4, 1, 0, 0, 1), (5, 3, 1, 0, 0, 0), (3, 4, 1, 0, 0, 2), (5, 4, 1, 0, 0, 4), (1, 2, 2, 0, 0, 0), (5, 5, 0, 0, 0, 4), (2, 3, 1, 0, 0, 1), (4, 2, 1, 0, 0, 2), (3, 4, 0, 0, 0, 3), (2, 2, 0, 0, 0, 3), (2, 3, 
0, 0, 0, 0), (6, 4, 0, 0, 0, 1), (6, 6, 1, 0, 0, 3), (3, 3, 1, 0, 0, 1), (5, 3, 0, 0, 0, 3), (4, 4, 0, 0, 0, 1), (5, 4, 2, 0, 0, 3), (5, 6, 0, 0, 0, 1), (2, 4, 0, 0, 0, 3), (3, 4, 2, 0, 0, 1), (5, 5, 2, 0, 0, 4), (5, 6, 1, 0, 0, 3), (3, 5, 2, 0, 0, 2), (4, 6, 2, 0, 0, 1), (1, 3, 0, 0, 0, 2), (4, 3, 1, 0, 0, 1), (4, 6, 0, 0, 0, 2), (4, 4, 1, 0, 0, 3), (2, 3, 0, 0, 0, 2), (6, 4, 0, 0, 0, 3), (3, 5, 0, 0, 0, 1), (5, 3, 2, 0, 0, 1), (6, 5, 2, 0, 0, 0), (3, 3, 1, 0, 0, 3), (4, 5, 0, 0, 0, 1), (4, 4, 0, 0, 0, 3), (6, 4, 1, 0, 0, 1), (5, 6, 0, 0, 0, 3), (4, 6, 1, 0, 0, 1), (6, 6, 2, 0, 0, 4), (3, 
3, 2, 0, 0, 1), (5, 6, 1, 0, 0, 5), (2, 4, 2, 0, 0, 0), (4, 6, 2, 0, 0, 3), (6, 5, 1, 0, 0, 3), (4, 3, 1, 0, 0, 3), (3, 3, 0, 0, 0, 3), (4, 6, 0, 0, 0, 4), (4, 5, 1, 0, 0, 0), (2, 2, 1, 0, 0, 1), (6, 5, 2, 0, 0, 2), (4, 5, 0, 0, 0, 3), (2, 4, 1, 0, 0, 0), (6, 4, 1, 0, 0, 3), (5, 6, 0, 0, 0, 5), (4, 6, 1, 0, 0, 3), (4, 2, 0, 0, 0, 0), (1, 2, 1, 0, 0, 0), (5, 4, 0, 0, 0, 0), (6, 5, 1, 0, 0, 5), (4, 5, 1, 0, 0, 2), (5, 5, 1, 0, 0, 2), (5, 6, 2, 0, 0, 1), (5, 5, 0, 0, 0, 1), (6, 6, 0, 0, 0, 1), (3, 4, 0, 0, 0, 0), (2, 2, 0, 0, 0, 0), (3, 2, 1, 0, 0, 1), (4, 3, 0, 0, 0, 2), (5, 4, 2, 0, 0, 0), (6, 5, 2, 0, 0, 4), (2, 4, 0, 0, 0, 0), (2, 4, 1, 0, 0, 2), (5, 5, 2, 0, 0, 1), (6, 5, 0, 0, 0, 3), (4, 5, 2, 0, 0, 1), (4, 2, 0, 0, 0, 2), (2, 3, 2, 0, 0, 0), (5, 6, 1, 0, 0, 0), (3, 2, 0, 0, 0, 0), 
(4, 4, 2, 0, 0, 1), (5, 4, 0, 0, 0, 2), (4, 4, 1, 0, 0, 0), (3, 4, 1, 0, 0, 1), (5, 5, 1, 0, 0, 4), (4, 5, 1, 0, 0, 4), (5, 6, 2, 0, 0, 3), (5, 5, 0, 0, 0, 3), (2, 3, 1, 0, 0, 0), (4, 2, 1, 0, 0, 1), (3, 4, 0, 0, 0, 2), (2, 2, 0, 0, 0, 2), (5, 3, 1, 0, 0, 2), (6, 6, 0, 0, 0, 3), (4, 3, 0, 0, 0, 4), (3, 3, 1, 0, 0, 0), (5, 4, 2, 0, 0, 2), (4, 4, 0, 0, 0, 0), (6, 6, 1, 0, 0, 5), (2, 4, 0, 0, 0, 2), (5, 6, 0, 0, 0, 0), (6, 6, 2, 0, 0, 1), (3, 4, 2, 0, 0, 0), (5, 5, 2, 0, 0, 3), (2, 2, 2, 0, 0, 0), (6, 5, 0, 0, 0, 5), (5, 6, 1, 0, 0, 2), (4, 3, 2, 0, 0, 1), (3, 5, 2, 0, 0, 1), (4, 6, 2, 0, 0, 0), (3, 2, 0, 0, 0, 2), (4, 3, 1, 0, 0, 0), (4, 4, 2, 0, 0, 3), (3, 3, 0, 0, 0, 0), (6, 5, 1, 0, 0, 0), (5, 4, 0, 0, 0, 4), (6, 4, 2, 0, 0, 1), (3, 4, 1, 0, 0, 3), (2, 3, 1, 0, 0, 2), (3, 5, 1, 0, 0, 
0), (3, 4, 0, 0, 0, 4), (6, 6, 0, 0, 0, 5), (5, 3, 2, 0, 0, 0), (3, 3, 1, 0, 0, 2), (4, 5, 0, 0, 0, 0), (4, 4, 0, 0, 0, 2), (6, 4, 0, 0, 0, 5), (6, 6, 2, 0, 0, 3), (3, 5, 0, 0, 0, 3), (3, 3, 2, 0, 0, 0), (5, 6, 1, 0, 0, 4), (6, 5, 1, 0, 0, 2), (4, 3, 1, 0, 0, 2), (3, 3, 0, 0, 0, 2), (6, 4, 2, 0, 0, 3), (3, 5, 1, 0, 0, 2), (5, 4, 1, 0, 0, 1), (1, 3, 1, 0, 0, 1), (2, 2, 1, 0, 0, 0), (5, 3, 2, 0, 0, 2), (6, 6, 1, 0, 0, 0), (6, 5, 2, 0, 0, 1), (4, 5, 0, 0, 0, 2), (4, 4, 0, 0, 0, 4)}
(1, 2, 0, 0, 0, 0)
{(6, 6, 2, 0, 0, 5), (3, 3, 2, 0, 0, 2), (6, 4, 1, 0, 0, 5), (4, 3, 1, 0, 0, 4), (7, 6, 2, 0, 0, 0), (4, 3, 0, 0, 0, 1), (7, 5, 1, 0, 0, 2), (4, 5, 0, 0, 0, 4), (6, 4, 0, 0, 0, 0), (5, 5, 2, 0, 0, 0), (5, 2, 1, 0, 0, 0), (5, 3, 1, 0, 0, 1), (4, 4, 1, 0, 0, 2), (6, 6, 1, 0, 0, 4), (4, 2, 1, 0, 0, 3), (6, 6, 2, 0, 0, 0), (7, 5, 2, 0, 0, 5), (6, 4, 1, 0, 0, 0), (4, 3, 2, 0, 0, 0), (6, 3, 2, 0, 0, 0), (3, 2, 0, 0, 0, 1), (7, 4, 0, 0, 0, 2), (7, 6, 2, 0, 0, 4), (7, 5, 1, 0, 0, 6), (6, 4, 0, 0, 0, 4), (6, 5, 1, 0, 0, 1), (7, 5, 2, 0, 0, 0), (6, 4, 1, 0, 0, 4), (4, 5, 2, 0, 0, 0), (7, 4, 0, 0, 0, 
6), (5, 4, 0, 0, 0, 1), (4, 5, 1, 0, 0, 3), (7, 5, 1, 0, 0, 1), (4, 3, 0, 0, 0, 0), (5, 5, 0, 0, 0, 2), (3, 4, 0, 0, 0, 1), (6, 5, 2, 0, 0, 5), (5, 3, 1, 0, 0, 0), (4, 4, 1, 0, 0, 1), (3, 4, 1, 0, 0, 2), (6, 6, 1, 0, 0, 3), (4, 2, 1, 0, 0, 2), (2, 2, 0, 0, 0, 3), (7, 5, 2, 0, 0, 4), (5, 6, 1, 0, 0, 3), (7, 4, 0, 0, 0, 1), (5, 4, 0, 0, 0, 5), (6, 6, 0, 0, 0, 6), (6, 4, 0, 0, 0, 3), (6, 5, 2, 0, 0, 0), (2, 2, 1, 0, 0, 1), (6, 4, 1, 0, 0, 3), (5, 4, 0, 0, 0, 0), (5, 5, 1, 0, 0, 2), (4, 5, 1, 0, 0, 2), (5, 6, 2, 0, 0, 1), (5, 5, 0, 0, 0, 1), (6, 6, 0, 0, 0, 1), (3, 4, 0, 0, 0, 0), (6, 3, 0, 0, 
0, 1), (6, 5, 2, 0, 0, 4), (4, 4, 2, 0, 0, 1), (4, 4, 1, 0, 0, 0), (3, 4, 1, 0, 0, 1), (7, 5, 0, 0, 0, 3), (4, 2, 1, 0, 0, 1), (2, 2, 0, 0, 0, 2), (7, 6, 0, 0, 0, 4), (6, 5, 0, 0, 0, 5), (5, 6, 1, 0, 0, 2), (3, 3, 0, 0, 0, 0), (5, 4, 0, 0, 0, 4), (6, 6, 0, 0, 0, 5), (3, 4, 0, 0, 0, 4), (6, 3, 0, 0, 0, 5), (6, 4, 2, 0, 0, 3), (5, 4, 1, 0, 0, 1), (2, 2, 1, 0, 0, 0), (6, 5, 0, 0, 0, 0), (3, 3, 0, 0, 0, 4), (5, 5, 1, 0, 0, 1), (5, 6, 2, 0, 0, 0), (6, 6, 0, 0, 0, 0), (6, 3, 0, 0, 0, 0), (6, 5, 2, 0, 0, 3), (5, 2, 0, 0, 0, 1), (5, 3, 0, 0, 0, 2), (4, 4, 2, 0, 0, 0), (3, 4, 1, 0, 0, 0), (7, 5, 0, 
0, 0, 2), (2, 2, 0, 0, 0, 1), (7, 6, 0, 0, 0, 3), (5, 4, 1, 0, 0, 5), (7, 4, 2, 0, 0, 3), (2, 3, 0, 0, 0, 1), (6, 5, 0, 0, 0, 4), (5, 2, 2, 0, 0, 0), (5, 5, 1, 0, 0, 5), (5, 6, 2, 0, 0, 4), (6, 6, 0, 0, 0, 4), (6, 3, 0, 0, 0, 4), (5, 6, 0, 0, 0, 4), (6, 4, 2, 0, 0, 2), (7, 5, 0, 0, 0, 6), (5, 4, 1, 0, 0, 0), (7, 4, 1, 0, 0, 1), (5, 5, 1, 0, 0, 0), (6, 3, 1, 0, 0, 0), (5, 2, 0, 0, 0, 0), (3, 2, 1, 0, 0, 2), (5, 3, 0, 0, 0, 1), (4, 2, 0, 0, 0, 3), (7, 6, 1, 0, 0, 2), (5, 4, 1, 0, 0, 4), (2, 3, 1, 0, 0, 1), (7, 4, 2, 0, 0, 2), (3, 3, 1, 0, 0, 1), (5, 4, 2, 0, 0, 3), (7, 4, 1, 0, 0, 5), (5, 5, 
2, 0, 0, 4), (6, 3, 1, 0, 0, 4), (5, 2, 0, 0, 0, 4), (5, 3, 2, 0, 0, 1), (5, 3, 0, 0, 0, 5), (4, 4, 0, 0, 0, 3), (5, 6, 0, 0, 0, 3), (6, 6, 2, 0, 0, 4), (3, 3, 2, 0, 0, 1), (7, 6, 1, 0, 0, 6), (4, 3, 1, 0, 0, 3), (4, 5, 0, 0, 0, 3), (7, 4, 1, 0, 0, 0), (6, 5, 1, 0, 0, 5), (3, 2, 1, 0, 0, 1), (4, 2, 0, 0, 0, 2), (7, 6, 1, 0, 0, 1), (3, 2, 0, 0, 0, 0), (7, 6, 2, 0, 0, 3), (7, 4, 2, 0, 0, 1), (2, 3, 1, 0, 0, 0), (4, 3, 0, 0, 0, 4), (7, 5, 1, 0, 0, 5), (3, 3, 1, 0, 0, 0), (5, 4, 2, 0, 0, 2), (7, 4, 1, 0, 0, 4), (5, 5, 2, 0, 0, 3), (6, 5, 1, 0, 0, 0), (5, 2, 1, 0, 0, 3), (5, 3, 1, 0, 0, 4), (5, 
3, 2, 0, 0, 0), (4, 4, 0, 0, 0, 2), (6, 6, 2, 0, 0, 3), (3, 3, 2, 0, 0, 0), (6, 3, 2, 0, 0, 3), (3, 2, 0, 0, 0, 4), (4, 3, 1, 0, 0, 2), (7, 6, 1, 0, 0, 5), (7, 4, 0, 0, 0, 5), (7, 5, 1, 0, 0, 0), (4, 5, 0, 0, 0, 2), (6, 5, 1, 0, 0, 4), (3, 2, 2, 0, 0, 1), (6, 6, 1, 0, 0, 2), (7, 5, 2, 0, 0, 3), (7, 6, 1, 0, 0, 0), (4, 5, 2, 0, 0, 3), (7, 4, 0, 0, 0, 0), (7, 6, 2, 0, 0, 2), (4, 3, 0, 0, 0, 3), (7, 5, 1, 0, 0, 4), (5, 5, 0, 0, 0, 5), (5, 4, 2, 0, 0, 1), (6, 4, 0, 0, 0, 2), (5, 5, 2, 0, 0, 2), (5, 2, 1, 0, 0, 2), (5, 3, 1, 0, 0, 3), (4, 4, 1, 0, 0, 4), (6, 6, 1, 0, 0, 6), (6, 6, 2, 0, 0, 2), (6, 4, 1, 0, 0, 2), (4, 3, 2, 0, 0, 2), (6, 3, 2, 0, 0, 2), (3, 2, 0, 0, 0, 3), (7, 4, 0, 0, 0, 4), (7, 6, 2, 0, 0, 6), (4, 5, 1, 0, 0, 1), (5, 5, 0, 0, 0, 0), (3, 2, 2, 0, 0, 0), (6, 6, 1, 0, 0, 1), 
(4, 2, 1, 0, 0, 0), (7, 5, 2, 0, 0, 2), (4, 5, 2, 0, 0, 2), (2, 3, 2, 0, 0, 1), (5, 6, 1, 0, 0, 1), (1, 2, 0, 0, 0, 2), (5, 4, 0, 0, 0, 3), (7, 5, 1, 0, 0, 3), (5, 5, 0, 0, 0, 4), (3, 4, 0, 0, 0, 3), (6, 4, 0, 0, 0, 1), (4, 4, 1, 0, 0, 3), (6, 4, 1, 0, 0, 1), (5, 6, 1, 0, 0, 5), (3, 3, 0, 0, 0, 3), (4, 5, 1, 0, 0, 0), (6, 5, 2, 0, 0, 2), (7, 5, 0, 0, 0, 1), (7, 6, 0, 0, 0, 2), (6, 5, 0, 0, 0, 3), (4, 5, 2, 0, 0, 1), (2, 3, 2, 0, 0, 0), (5, 6, 1, 0, 0, 0), (5, 4, 0, 0, 0, 2), (5, 5, 1, 0, 0, 4), (4, 5, 1, 0, 0, 4), (5, 6, 2, 0, 0, 3), (5, 5, 0, 0, 0, 3), (6, 6, 0, 0, 0, 3), (3, 4, 0, 0, 0, 2), (6, 3, 0, 0, 0, 3), (4, 4, 2, 0, 0, 3), (6, 4, 2, 0, 0, 1), (3, 4, 1, 0, 0, 3), (7, 5, 0, 0, 0, 5), (7, 6, 0, 0, 0, 6), (5, 6, 1, 0, 0, 4), (3, 3, 0, 0, 0, 2), (4, 4, 0, 0, 0, 4), (6, 5, 2, 0, 0, 
1), (5, 3, 0, 0, 0, 0), (7, 5, 0, 0, 0, 0), (7, 6, 0, 0, 0, 1), (5, 4, 1, 0, 0, 3), (2, 2, 1, 0, 0, 2), (6, 5, 0, 0, 0, 2), (1, 2, 1, 0, 0, 1), (5, 5, 1, 0, 0, 3), (5, 6, 2, 0, 0, 2), (6, 6, 0, 0, 0, 2), (6, 3, 1, 0, 0, 3), (6, 3, 0, 0, 0, 2), (5, 2, 0, 0, 0, 3), (5, 3, 0, 0, 0, 4), (5, 6, 0, 0, 0, 2), (3, 4, 2, 0, 0, 2), (4, 4, 2, 0, 0, 2), (6, 4, 2, 0, 0, 0), (7, 5, 0, 0, 0, 4), (7, 6, 0, 0, 0, 5), (2, 3, 0, 0, 0, 3), (6, 5, 0, 0, 0, 6), (3, 3, 0, 0, 0, 1), (5, 2, 2, 0, 0, 2), (3, 2, 1, 0, 0, 0), (5, 6, 0, 0, 0, 6), (4, 2, 0, 0, 0, 1), (6, 4, 2, 0, 0, 4), (7, 6, 0, 0, 0, 0), (5, 4, 1, 0, 
0, 2), (7, 4, 2, 0, 0, 0), (6, 5, 0, 0, 0, 1), (7, 4, 1, 0, 0, 3), (6, 3, 1, 0, 0, 2), (1, 2, 2, 0, 0, 0), (5, 2, 0, 0, 0, 2), (5, 3, 0, 0, 0, 3), (4, 4, 0, 0, 0, 1), (5, 6, 0, 0, 0, 1), (3, 4, 2, 0, 0, 1), (7, 6, 1, 0, 0, 4), (4, 3, 1, 0, 0, 1), (7, 4, 2, 0, 0, 4), (2, 3, 0, 0, 0, 2), (3, 3, 1, 0, 0, 3), (4, 5, 0, 0, 0, 1), (5, 2, 2, 0, 0, 1), (6, 5, 1, 0, 0, 3), (5, 3, 2, 0, 0, 3), (4, 4, 0, 0, 0, 5), (5, 6, 0, 0, 0, 5), (4, 2, 0, 0, 0, 0), (7, 6, 2, 0, 0, 1), (4, 3, 0, 0, 0, 2), (5, 4, 2, 0, 0, 0), (4, 5, 0, 0, 0, 5), (7, 4, 1, 0, 0, 2), (5, 5, 2, 0, 0, 1), (5, 2, 1, 0, 0, 1), (6, 3, 1, 
0, 0, 1), (5, 3, 1, 0, 0, 2), (6, 6, 1, 0, 0, 5), (4, 4, 0, 0, 0, 0), (5, 6, 0, 0, 0, 0), (6, 6, 2, 0, 0, 1), (3, 4, 2, 0, 0, 0), (4, 2, 0, 0, 0, 4), (4, 3, 2, 0, 0, 1), (6, 3, 2, 0, 0, 1), (3, 2, 0, 0, 0, 2), (4, 3, 1, 0, 0, 0), (7, 6, 1, 0, 0, 3), (7, 4, 0, 0, 0, 3), (7, 6, 2, 0, 0, 5), (2, 3, 1, 0, 0, 2), (3, 3, 1, 0, 0, 2), (5, 4, 2, 0, 0, 4), (4, 5, 0, 0, 0, 0), (6, 4, 0, 0, 0, 5), (6, 5, 1, 0, 0, 2), (6, 6, 1, 0, 0, 0), (5, 3, 2, 0, 0, 2), (7, 5, 2, 0, 0, 1)}
(1, 2, 0, 0, 0, 0)
coretype input is [0, 1, 2, 3, 4]
[debug] Allow composition check by sugar unit numbers
Traceback (most recent call last):
  File "G:\其他電腦\My Computer\GlycoMSParser\2025_demo\mspfileloaderv10.py", line 4742, in on_generate
    compv4.OGlaunch(user_flags=flags, coretype=cores,filename=outpath, debug=flags.get("debug", False))
  File "G:\其他電腦\My Computer\GlycoMSParser\2025_demo\compnewv4.py", line 1103, in OGlaunch
    res = compcheck(OG_comps,
  File "G:\其他電腦\My Computer\GlycoMSParser\2025_demo\compnewv4.py", line 521, in compcheck
    a[0] <= comb[0] <= a[1] and
TypeError: 'set' object is not subscriptable