              precision    recall  f1-score   support

      F1H3N4       1.00      1.00      1.00         1
      F1H3N5       1.00      1.00      1.00         3
      F1H4N4       1.00      1.00      1.00         1
      F1H4N5       1.00      0.80      0.89         5
      F1H5N4       1.00      0.50      0.67         2
    F1H5N4S1       1.00      1.00      1.00         7
    F1H5N4S2       1.00      1.00      1.00         7
    F1H5N5S1       0.00      0.00      0.00         1
      F1H6N4       0.75      1.00      0.86         3
    F1H6N4S1       0.00      0.00      0.00         3
    F1H6N4S2       0.50      0.60      0.55         5
    F1H6N5S1       1.00      0.33      0.50         3
    F1H7N4S2       1.00      0.75      0.86         4
    F2H6N4S1       1.00      1.00      1.00         5
    F2H7N4G2       1.00      1.00      1.00         1
    F2H7N4S1       0.50      0.50      0.50         2
    F2H7N4S2       1.00      1.00      1.00         4
        H3N5       1.00      1.00      1.00         3
        H5N3       1.00      1.00      1.00         1
        H5N4       1.00      1.00      1.00         3
        Man5       1.00      1.00      1.00         3
        Man8       0.67      1.00      0.80         2
        Man9       1.00      0.50      0.67         2
    Unknown1       0.50      1.00      0.67         1
    Unknown2       0.20      0.33      0.25         3
    Unknown3       0.67      1.00      0.80         2
    Unknown5       1.00      1.00      1.00         1

    accuracy                           0.81        78
   macro avg       0.81      0.79      0.78        78
weighted avg       0.84      0.81      0.81        78
